221.459769944994	166.583922019083
219.291259348775	164.691837600893
221.122617930395	166.710398270929
218.804236755177	161.872359183962
220.744700892471	169.865959987944
198.929502329982	137.815199747251
200.991799510733	141.544508410068
205.115923641418	144.550177619802
220.7151200013	167.555729191492
223.776018166239	167.788325138147
220.406118814266	165.849592378046
220.342596901448	167.059894413343
221.744195965246	170.614221282807
201.686817519556	141.405028303973
199.686690233281	138.248258905547
204.469709776204	144.899939023435
205.098841124475	144.82943953185
195.983195615399	135.374812831921
212.947692800817	158.445806170681
203.958771015798	146.045472616464
77.2566305627717	-67.9541399005066
84.4366900592718	-59.0020638700878
71.2922703677876	-67.7964446319879
65.6562174267886	-89.1823130023997
69.4524223922941	-74.295925374846
63.9084560132175	-78.6933679666123
47.7579103049135	-106.259457474976
52.1142295158279	-102.699804936274
45.6549056305563	-100.722046839417
49.492525457834	-103.239624483719
57.3230060737134	-92.0379427180308
57.1370207543268	-94.4732056378586
57.1609846235003	-94.4985765863088
56.9455866390058	-87.7859053127199
57.4141933561356	-87.3004259346469
22.0834942816951	-79.3420160360569
23.9751823193669	-73.117126111634
19.6197362529419	-73.9824358337721
21.5113889494839	-78.7655318381286
-48.9943046409591	-6.14871295958732
203.027217471028	143.607594168899
189.780914735557	126.696165034494
82.753358823441	-57.8484828214348
90.4270960936914	-50.2761028262811
63.915548080089	-95.9746972976659
67.348451350265	-90.4348212054469
62.4100403946631	-77.7704176834825
79.5779383039232	-67.5041430068791
48.917210317147	-105.21294074559
51.1516969763566	-100.797540444352
48.4063473075202	-100.186041519126
46.8563619100354	-101.744292435653
54.680299258065	-91.4751089177308
55.6178187362321	-89.7217149873515
58.5639317806273	-85.9408497471612
56.4814848082556	-93.5176128406902
55.431478026675	-90.3131719857342
70.7263619126061	-25.0027890858954
24.4847643640133	-78.8900951142367
46.8722518354085	-53.994837000591
20.8468332265447	-79.0487636709673
-26.5796776314357	-30.101374425133
221.481204786217	167.454641246465
223.559447681085	166.462042737173
220.871968056154	169.303354686565
220.018518185684	170.414113806724
202.625108020287	141.494639356764
202.270512465186	142.472918781703
202.845065723899	145.680011380329
204.86302818261	144.074435809965
196.572215888379	140.02439757556
211.827948361497	159.64194780573
87.1445381956054	-55.7311277856652
86.3286966397013	-56.1938081374684
86.7148878785147	-53.3280613005558
57.1286878643471	-84.3336689108896
61.6324293358845	-91.1911875063676
58.1598337109025	-82.9289808386058
47.8805296447872	-103.298812653054
48.5163773451163	-104.99498928484
48.3969174156307	-105.345942045364
47.8302966099545	-101.293782251729
58.269461799357	-91.6172984510167
60.0341042421794	-92.0939802426968
223.113419421948	168.218192112784
223.663461932429	167.945075845688
220.615729477307	170.622258364337
219.931721844947	168.948731671888
200.337145747562	138.797537551133
202.333025292234	138.298193816385
203.513582026041	142.997308550656
206.54320774382	146.670359804864
190.655793212657	126.038636580092
212.489607142025	159.059375940114
83.1420468604247	-56.8635168868873
84.5259064199536	-55.5677737163691
82.7879886213694	-57.8458641839108
60.8603785991074	-84.8316940453561
59.6167455715606	-85.7061279155118
61.0396851899967	-80.9292728815033
59.1489245726763	-93.0854678964019
50.8141348193958	-102.84085636574
49.1651785869449	-101.940546509543
51.4349699156025	-102.184656944652
58.4861527614302	-88.5770040356183
54.2123841205778	-92.6066247846141
220.156391646837	168.941198346442
219.885135568231	163.803464887092
218.495086073099	161.687422591443
219.708464177964	167.696371250214
200.35143905717	137.619316065838
201.497366413603	139.29106797778
203.633711570264	143.635172326091
210.116340829446	158.103567076738
204.553078205515	145.392445393486
197.111254480118	138.433640706725
211.551477002644	159.115797250718
78.8570266675879	-60.9448991667122
86.3430671005856	-56.1980483808071
84.9890374203698	-56.3554946484351
57.1622980511927	-86.4929272755322
71.4035015345231	-73.5486108339494
72.0747153228842	-73.202434367311
59.1721008081476	-93.6625362172308
47.929178240776	-102.141869427485
51.0449221067967	-102.714549019733
47.9486567072379	-107.143536165594
47.6469192287591	-105.732694493047
56.3746247272744	-96.5088335752233
59.5359473434147	-88.5428115360429
220.962467359638	163.466629058134
220.474823918182	166.340312016278
221.189584558332	165.769665844362
219.828437866593	168.580339003536
200.729374170591	141.710824766103
197.500311604684	134.883966514271
206.527515361975	148.606128621572
204.426181849837	146.480530439091
204.733121809238	146.907060788928
178.018385668681	113.486118475526
207.380819981016	150.579796020595
89.0299644653	-54.3101155017408
87.5002427395415	-54.8149005416774
86.9455930673371	-58.3256059320465
58.9667965153296	-96.4481811431028
58.6586926010637	-82.8161355737885
61.6541902943554	-86.715976827998
58.6238747548423	-94.0832458600766
49.3681194834967	-103.27089176224
50.3507561190683	-105.816455145409
50.4615057239038	-101.877353907252
46.7805831224128	-104.967547488529
64.8484103541927	-80.8680420516855
74.5205720152829	-60.5787176425086
206.075298298329	146.737840810902
218.852177463138	166.690896454932
221.417268479599	168.188314402577
222.583373791889	168.967528111743
220.353941164224	169.757260190841
200.033837437856	138.842548781078
199.029400165993	138.731951109622
205.8564589237	146.344697098758
203.033202304819	144.405744061503
183.839419298721	112.777767232787
206.776070413483	148.600668046411
93.3541174054342	-47.8374466111732
85.4456325415201	-52.7500394759724
84.1251900646198	-57.5540853581646
63.6965848129725	-83.6068695229416
60.4443569779764	-79.548040478495
70.0115463924286	-69.7686501432658
60.387941632216	-90.7762328691417
53.2859657662567	-101.146329089783
50.1797210288892	-107.045660664024
47.690095187154	-101.581509399399
51.5749974267574	-105.762125947952
56.2471698755131	-91.8865450780206
55.7995034567863	-92.3783858428735
221.203090302585	167.578464787683
219.141095877362	163.059262560014
219.34767791226	165.194410739799
221.678423976975	172.053962381537
202.390966116968	140.472134313889
201.621719023876	141.287073847389
207.923868601069	147.526338411939
205.09260463083	145.334521989528
198.081292191048	138.58948837325
204.896226927462	146.357343779594
85.1089101598787	-48.8388173573823
145.625394910374	45.0884570245237
63.2385936815338	-86.878018408488
64.5344524671419	-88.3585461166442
62.9980094897176	-94.52168309628
61.0401911637383	-89.1450174053963
59.494849341357	-92.8157531307388
51.9464048062816	-103.46421697591
49.9026038544104	-100.753449489263
51.0740930190202	-102.273875336119
58.3004412579388	-87.4814972776241
59.1541348855093	-94.4004652644029
219.584624432641	164.583987686378
218.739490734506	166.662105118416
222.586200038546	167.27069679296
222.025187760245	170.830240730528
199.345697648601	138.778296102529
196.287860121426	132.90396356671
209.1781473182	148.153349700342
203.417335300374	143.974876927935
62.4305942129279	-93.0267195863563
50.265309504328	-104.968857593657
55.7156572420798	-93.7469168223441
51.2143885131561	-104.296586623966
47.7093145132255	-104.576127538439
55.2479903768111	-90.8382847314563
58.6239808272134	-95.1638985373674
54.4770175371834	-92.1151032941791
55.7200368516132	-92.3033524507744
26.9648873024195	-75.0822451869856
23.2918169899486	-79.7365569255722
28.3401292674686	-76.2418019679284
25.789892225722	-77.1257987340149
24.9555263845791	-72.3855364615596
219.909906974048	165.900331530359
218.189092252749	164.365770898837
219.427652171088	165.287591078568
219.588427206286	168.979627817185
201.537237560548	141.857940380531
201.110419088609	141.987171981959
204.261483988923	144.610376195594
206.76320488106	146.20348252387
60.1169207644443	-95.2930063371875
53.8014695494063	-89.5237568255781
48.7426102063796	-98.1724161428352
49.6777700375313	-99.1302335642993
49.1056599891491	-107.643874303358
47.8650347984815	-106.358504027491
56.7231016496117	-90.6967801417
57.960365305911	-92.5660774215227
57.3429280237743	-93.2843951280377
68.0209832824762	-69.2154763063481
22.8090986856967	-75.829495601633
45.2378023404192	-46.772365871245
26.6305280803729	-83.4135131315401
41.2113702646757	-61.3915697437019
-48.9733868398864	-8.77154733264047
-42.855236220272	-12.7394253653247
222.826520232716	167.843434196604
33.183865311302	-108.691659644336
220.493608822592	171.410707963666
203.222475917378	142.173300502782
201.010185114856	141.35226341518
206.303133629711	147.198040080857
58.2391153465017	-86.5096887744461
60.350047970627	-93.821308101708
52.0848454469425	-105.603884928422
48.3827203692995	-101.707953784693
48.5443740850151	-103.736113255895
48.5357385857487	-104.723555120425
66.3838852004795	-83.0494749520027
48.5499201070046	-105.332848704949
57.2941423632986	-92.4105100839055
61.7449794763942	-82.3470715195225
25.4745692888185	-80.0915519829246
23.543342414938	-74.3705766692456
13.9419823111837	-68.5944879069787
33.1107575435778	-73.2064813881812
-31.2020955614096	-27.4929892816086
56.8003458975687	-84.8314268495727
223.160449380731	168.817003092433
219.749797996911	168.411890119215
200.372009246707	139.741750394274
206.873494841744	144.861524873102
210.975980343918	158.457580784109
206.613358044841	145.243331845311
85.5399912423668	-50.3620156057392
95.0858063307837	-37.5110363453542
61.5546911035169	-95.3762069688331
62.9893243452187	-84.7021031753589
49.7453938688292	-103.537448107536
47.836193853007	-102.033309297564
46.748347753872	-104.752513635079
51.9601033395685	-100.375962019453
58.8626890433548	-90.8656721156287
62.1250063147543	-81.1083427841486
58.2642070048855	-85.917796809261
27.8134953332415	-79.8894613466621
26.0139666656943	-66.2114550552476
29.3711562408031	-78.8901323024089
24.9601617665963	-79.8392464610713
-47.5607276709269	-7.37322810593537
59.5188248979196	-85.2250427941857
59.0240784788863	-95.5252817471822
68.2711247648197	-71.2596134423105
25.8971329480543	-77.1848746265551
23.4892984049562	-78.3932799580018
27.1079574501771	-79.2514749410055
24.9404549312584	-78.1477512308102
-40.9715645323015	-14.9125374402806
-36.706602211674	-21.7341644478846
31.4369254456916	-77.7561124920542
34.4119344767366	-80.7985496702062
24.348013500991	-54.8457745115667
10.6011177686793	-64.5482315930906
11.5746581618994	-62.6538117412698
9.13958867023903	-65.4602634108485
14.1234056287716	-69.6237246595297
13.5344373158586	-73.5866373513864
14.4998476843924	-73.648571599898
-2.18846192687458	-54.3042546817339
-2.31294037042085	-54.6715543029344
-120.107359896244	76.8768256804447
-116.754133631813	69.203652548009
-119.858389449318	71.9156816234478
-114.664095509637	67.1774531978579
56.4739540035234	-88.744797487704
57.2603169770486	-93.6964633026061
53.2312390340932	-87.0844716688819
21.4646030180496	-71.6672330889381
30.8995823953926	-72.3038272041458
24.4491935575116	-78.5673744590388
23.0709370458968	-67.7264895848556
-45.0972177782528	-10.291241482053
-42.2879370587214	-14.8154270899365
30.4307054129416	-76.7628423279587
32.1365276598544	-73.2915052812563
17.3174375902915	-55.4797932104889
10.8627322085375	-65.4573757682825
13.7852771256677	-75.3599319494941
7.01084004183468	-58.1846291123254
9.41131099889102	-65.1053987232539
16.5215628633821	-76.9811441849907
16.626850609845	-78.5682121106672
-1.78183714383496	-52.9171544461958
-1.37252923836318	-51.0474697742216
-120.267569861539	74.1424581441676
-117.449163556882	73.2160236782231
-116.939368893716	73.7381758555918
-118.181310748158	69.8690984435552
62.0747101990214	-81.7350982662388
57.631047522158	-89.2938148876221
61.7425095640417	-88.144172504513
31.7347798551572	-74.306340263776
23.9312986041931	-79.0702898129814
14.518712349813	-69.8999564733824
22.2478244875909	-69.3762953737348
-45.3697614388961	-11.7733722296334
-46.1505035720823	-10.1173187775069
39.1859930203109	-68.4219584206489
28.3209771210932	-54.2974156236079
12.9421378698967	-61.5779916047086
10.8613994583894	-65.5775777005013
17.850933435368	-73.4561027702073
7.15620408645226	-57.1510744689262
25.6040138738446	-79.5207591198577
14.6163545907081	-73.3694333824054
13.5979879538769	-74.1622972817398
1.54807418116107	-56.5730603628277
-1.15653962337189	-52.8379925108725
-118.654211544168	73.5530519547647
-114.769636109055	70.7674370449801
-119.403971786478	75.0221224409422
-113.956420206992	69.8821834726146
59.5903060617605	-89.1108324952755
57.51997637928	-91.3836738448898
35.4875107087277	-70.8464006019645
-1.02122878474844	-47.673428581041
23.3724289758878	-73.5390894472051
-39.4045392868864	-15.3300673752955
55.4256503209047	-94.6997048591633
-47.6709109180053	-10.8679490761839
28.061057830239	-82.2084688755377
61.3564011243098	-34.0929095007181
11.5242245525727	-61.4007247047966
11.6711546791722	-61.425280429005
9.72437765162683	-68.3635293389021
14.8879382554174	-73.854987638558
15.7288448592346	-75.84523306121
12.6920835269678	-72.9112977815518
14.4631212670753	-73.0243112998017
-3.478644685115	-49.692045776177
0.0503298583815379	-55.5638856559574
-119.51293131373	73.2949189259859
-116.104787411929	75.6472746286184
-122.448507926213	73.9006838980407
-113.295475899091	67.6481471112754
202.800665153049	142.924495726098
-117.239954892371	72.2971449431124
-112.486524718738	71.0238755237749
-118.914290765421	71.9613328813238
-116.0395765732	65.7643137720049
-114.110307946399	63.5247576847296
-118.74095119548	70.0064604502707
-112.932484030632	64.1642536878048
-51.8851915351721	-2.15169099448369
-118.118725188412	77.1440769033062
-117.340279730495	73.3127845978644
-111.07970096592	60.2131180879869
-100.191806813959	46.70812592164
-114.867810561174	63.3484806411135
-110.646346831041	61.849138079334
-46.5341053488086	-10.9216925514557
-45.8655317847973	-10.0730458841041
-116.676811316663	74.0235239414971
-115.575930339342	67.8197891145178
-116.15950968775	73.1140347466579
-112.716301203818	62.3366982150738
-112.047562114065	64.1568556561241
-119.390305256433	71.4021564935904
-107.500517339076	58.3028200116775
-53.6110770358286	-3.50173970967641
58.8508295370528	-88.9942438087556
57.132966568828	-92.6119135328653
25.5840127401439	-74.9962724781622
26.4807698893299	-72.5513165309895
25.8808995796338	-76.959716003865
25.9632893250551	-78.3579055370215
29.4813864749822	-68.8721572525077
-52.5122668932921	-1.13166704884303
-43.9259499312454	-8.81869994123147
29.9729879138264	-76.4313805562124
42.5043339557362	-66.3169988812968
37.8934329349122	-38.5508500534231
9.10509853531561	-64.1949432309331
-19.4850046780273	-39.0532986236093
10.8790139971633	-65.8052730808865
14.0435435046211	-73.7524139288779
14.1032552166474	-74.8036542070868
16.2835635015337	-75.7223322290491
-6.38256991974099	-44.3643760170018
-3.02234125315205	-57.4964930454768
-119.719521603535	73.3465888202493
-119.574575237391	71.2483971474509
-119.635801415551	72.6354343726642
-113.651371237915	67.4302396141184
-49.0879542177739	-8.28610874468389
-10.3835440004648	-49.5336243570938
20.9276473188312	-56.6669073233071
25.844290521395	-75.8767914601787
10.5164984582733	-62.8811460225408
13.6956355751266	-65.9672628564822
10.9703237136046	-67.1004333804657
15.4718496719709	-72.0704938802978
15.4003524835705	-76.0276236135543
14.2130558362936	-72.5531815398325
-3.8996065579472	-52.7443806743686
-2.04069912750385	-50.2677106432468
-119.843287613926	72.6559078633625
-121.293665694549	77.6269501091327
-116.109950588051	68.8905447249156
-116.773123463912	73.4386179538433
-110.952208274108	68.9353839265077
-116.149543656093	72.2480709322353
-116.300667217561	64.1682178287024
-114.4442790226	66.3789526172611
-115.651832975408	66.6715494941869
-43.7318866646325	-11.2349349613012
-47.6648987510794	-8.26395895019289
90.8360291773269	11.3080198845262
33.4998024729043	-76.3604603471504
29.3731905606916	-77.2760676658933
11.347504102639	-62.8962962372643
5.89511943399691	-56.8255530933234
10.2311814963964	-66.7834768538169
8.71762708725666	-58.6754212072299
15.551928969801	-74.5306950890521
12.3809628765938	-76.0491323410885
-2.75841217095977	-51.7280023272168
-120.926393851859	70.4752780951121
-122.88752719464	76.4902285406014
-117.273169598604	72.0698321262217
-117.893299396183	68.3001666849059
-117.330175695464	72.8841533803793
-112.442786112744	70.9125950103499
-118.486918279464	72.2138596198121
-120.936885100627	71.508941606021
-113.86669258461	63.9683298062654
-114.847977639016	67.5767707116101
-114.988113818614	67.7199055482665
-63.6920482803238	5.87525480800846
-39.8367305910079	-14.2084143958732
33.6959122583774	-71.3437607481416
35.197931598083	-71.0235705419176
14.9708288212707	-66.1641031852086
10.8847214060225	-63.054501434773
12.5719721167393	-67.9556445633475
16.3454494985132	-72.8456216203495
22.9018022199243	-78.7499246828207
15.4365945744903	-75.1223825966208
14.8101714591635	-75.0506321484944
-2.9398322899432	-53.2068605011843
-6.59270677766207	-50.3663804112502
-118.945566452507	70.9940558483236
-117.98828661827	73.5748525419358
-119.072572091595	74.7108766128501
-116.68829723172	68.7516686734876
-118.355842002572	72.1162661262448
-113.415944832082	68.0718514882602
-117.557803654636	73.7713400777024
-115.895075398218	65.8074261768117
-111.26226192861	62.0851999921416
-117.369542458933	69.8795235744116
-101.219874024513	51.5871390060567
-37.2235803167818	-22.1162345444411
-42.7025086325431	-14.6950334572756
30.6431887718828	-71.313134478225
35.220747529617	-67.6009216161817
10.3638505136391	-63.8512059804689
8.49356698257336	-58.8427424382251
16.8818321290592	-70.9603672334628
18.4018889698874	-76.475525818302
13.0629942729102	-73.9389520734408
14.3496444438694	-74.286901634632
15.2600395809239	-75.6601805818677
-5.20816347407388	-51.8621756203429
2.12372900844055	-56.9642070560681
-118.428634811519	72.8578417639394
-116.264031716795	70.428452189254
-116.666505286342	74.4964268639996
-113.79971847644	68.7447949928001
-119.3855286027	71.8051699635801
-116.200407752151	71.6181022957588
-113.059040890387	68.4292631188052
-112.771892993903	64.5994133665076
-111.715570783553	62.8662270582722
-115.584811631475	67.9584574817447
-110.890616172769	66.7507538063639
53.2641487190805	-44.9978888017607
-46.9016302045061	-10.5918051322766
51.7488115323595	-56.2455028963658
34.3385886772502	-77.1214447049674
91.6011860635012	22.4946304385376
22.7153067138779	-73.7536430065642
11.4097545819556	-68.1120881154388
10.6565176948303	-72.3447447996568
13.8078453661132	-73.6363608811602
-4.56805117164922	-52.3534046269367
-0.642893980381572	-53.6173476335819
-119.878166724325	75.684238813429
-121.179222268328	76.6611055289423
-120.704520694507	75.1829777782621
-118.340804090453	73.9198117278288
27.4226665856589	-79.1316115674761
-116.241217719176	72.0258855773526
-118.010680840483	73.8259846405806
-115.106531285853	63.9748963639011
-112.309401548068	67.4429504284136
-104.660864503695	50.6613435557091
-116.50103350006	69.4144480119561
-32.1457776319014	-24.6521971455861
-110.088281616722	70.0050597226757
-46.0141858760203	-6.72123093849151
30.8792566144519	-68.4894948205588
29.6467417040835	-81.4305135558986
28.1507201529815	-46.7900214059692
13.8833566666249	-62.9872209901514
13.5620560177143	-69.2701113160353
13.9369168117097	-76.0876530093655
35.0732915068904	-71.1448415832947
36.2737428335237	-74.1714574609691
15.1890924917089	-63.5032484309937
13.0197220162542	-68.795780795319
13.906286632489	-65.2494854823387
-116.255386080998	73.4162548860698
-117.478624057039	66.3537654691453
-115.181371786005	69.836086912354
-119.51658889359	75.3415660291722
-113.296646395703	63.49466496833
-113.527736710438	66.7030422918518
-84.0099688693513	31.7436646355161
-46.939211358522	-13.5600619166792
-112.913096737603	70.6190328326487
13.0474181612108	-73.7937634186554
-4.93712277888868	-48.5563934909216
0.00122467786624014	-53.8049300919615
-4.36651042973993	-52.9256345048161
-116.632355181546	71.4966834730449
-120.898942268785	75.0213951883522
-119.41062942235	74.0692323304789
-118.780850975019	74.767920318595
-114.230978124599	70.3198179222436
-117.588073104392	67.6414180157044
-111.574513627304	63.0855979128116
-109.184639710409	58.7770762358446
-115.68188077107	66.2366998315091
-115.869877825548	66.6718258165688
-112.625887228386	71.8727944964055
-113.899582593178	70.2277338241653
-116.262341844533	72.2941450704008
-114.348711751329	65.0921678789403
-112.492490232758	61.7507317295622
-100.829587813849	48.3553323210215
-115.855258376348	68.2361128597375
-39.3816955117548	-18.4629251427358
-111.693990277573	71.405176383192
-112.146415297689	73.3364257833372
-110.32763054438	69.7917143342087
-118.936846107971	75.0095430229396
-106.837321720369	61.4502267260255
-101.640359144624	50.2328336496921
-93.4346426800526	41.0772163737877
-119.336409467568	72.4537038016909
-120.987349031181	75.4721188270279
-120.979612379109	72.5200420714168
-109.078000053656	68.8596724011327
-35.7890429698042	44.9068435758277
-36.4388933812402	45.8356056949602
-51.9605076863814	50.5266009896792
-49.1425424538188	47.462847189624
39.0968546912994	-110.518015390928
32.7199635104888	-110.231319225283
39.2512578015967	-113.946149119337
37.9807060163437	-114.071347597441
45.8315154887188	-117.714633824207
51.3170487790679	-117.407720679213
46.6838675748869	-119.836507985643
40.397665529972	-112.728834981988
33.5512150898945	-106.825004651622
34.6574827459387	-114.738580498208
-112.084887041053	69.7965887419757
-112.699412513264	69.8429235945887
-116.297389006055	74.6587445527071
-104.612254707701	58.534249922757
-96.5459665445448	43.7437534351347
-115.630134418857	67.362511680926
-119.54915247507	72.7062440002278
-120.363611322153	74.4277465793562
-129.929978258644	64.7035592946239
-91.6884967041919	53.2041759513197
-37.7530660373036	47.661963328763
-35.1115699969157	44.5759296595867
-51.2561072346239	48.7242093768812
35.3684123650312	-112.154635103902
33.9114038578921	-110.26472119799
-115.408616766161	66.7095657513991
41.2698423977673	-113.423333305829
38.9451239086924	-114.719475921642
47.2056060843434	-118.392029205787
46.4307453302579	-116.570486230759
46.7190840437073	-116.241514910747
39.4051990064618	-113.445907155162
32.9603561379018	-109.850155560235
32.288721009533	-109.064697973326
-111.982716464055	72.2175701474176
-113.622062028877	70.2378795054776
-114.240792094824	67.6066561726711
-108.332649114901	61.522455330739
-94.199367863293	38.3766112271938
-105.392421595445	49.8769125843466
-117.842853905582	73.0371132357406
-119.118884934527	71.4945545844377
-119.885468125515	72.8129425027049
-99.6286269727793	59.4383607856845
-50.1830945201485	47.6261024183959
-36.2422795756371	45.797713909891
-52.0763717657143	47.6276877625758
36.6450271762745	-112.609573934635
33.303351823783	-109.239619951651
32.9411600130707	-110.151296823682
40.7963470671487	-116.201010818108
38.0848807469602	-114.231159048337
47.9709621892754	-116.619453520425
49.8203095366158	-118.202572608865
40.8771021425633	-114.083809705339
41.5103941274348	-112.598126182149
29.2379274860192	-108.64530130579
30.5889513310632	-107.470318681081
-112.688614065209	70.5027431678684
-113.568650500836	70.9831888818876
-114.146532537054	69.5163357432051
-101.822411824006	55.4928240792526
-70.8181805751276	10.1545760427515
-102.060894945594	49.5647147568942
-119.080358972268	71.174198420659
-117.5361661449	74.4642593882136
-119.382125124308	72.4562184884956
-85.5969235312615	49.1706547661603
-35.4225828767621	45.7292680650059
-50.9615246440232	49.8781931851601
-48.7823865836251	48.2575994705246
35.6476793122011	-109.316719024676
37.3378511806469	-110.243481447289
37.889762148232	-109.907363520322
-2.06377593900527	-52.8023603541537
-4.21666856545502	-53.8080254760924
-117.208912190194	73.2803074853134
-115.076725095417	74.213887488204
-114.298383460808	69.8528100825783
57.9202170227209	-88.0864902149607
-113.684204062576	69.937805663757
-118.403217131912	73.8126684261503
-113.271052651511	69.141671132395
-106.667595125032	58.4945529453011
-91.4908676898428	34.7188147043376
-105.26381182206	52.4581567422871
-116.399131323763	69.6727512085807
-118.703262469532	71.4384221670789
-117.334870029486	70.9731117465068
-102.533521811956	65.5200461060704
-34.6848154875264	44.8289693435411
-52.8209257995154	50.4076328518196
-49.6029367649209	48.4915528926659
36.8952631637652	-107.077241891945
34.4874282018457	-106.79746282924
35.2129594622342	-110.470779709789
-116.598952826541	74.4939481444087
-111.928336036911	70.6008288687109
-103.604999209887	48.76731853041
-106.022905609232	53.7086731411876
-80.8725574488123	23.4891518992087
-118.787648462827	71.2703415428359
-112.653428118904	71.6199520286333
-118.777236012195	75.8666256350396
-114.268192686489	68.3109839281412
-109.054679974214	62.3244690407435
-103.942849622846	50.5472075399728
-103.294701210861	52.1469810545112
-117.205987653863	73.8322593151908
-116.774270416533	71.0688245305721
-118.762637482086	71.7068598511787
-93.7878992153546	56.588011553859
-37.8065608501791	46.0360395801025
-51.3597690323587	48.3459400605063
-50.6717858500891	51.2530933743405
37.2396652373136	-108.078629950244
35.5843650256489	-109.424593027775
38.8484078260169	-110.347233612101
34.8314649833459	-114.668882438635
47.9660030761341	-117.525596498589
49.698974065019	-120.032950092911
40.2003648980697	-112.995541942514
37.8518048935485	-106.892272545837
32.5344552878344	-110.747679075051
28.5508080827271	-96.9333907685455
24.5238524472237	-79.7202568999206
-112.111486277971	70.1083023224101
-119.721271419348	74.925466967193
-112.367523480169	67.6999058031926
-102.756860447299	53.6225765322898
-102.433707495829	47.3246213460471
-99.4917587202158	48.1084795240214
-117.214560201072	72.2805607581637
-117.730003402177	74.7917010041705
-115.996506840728	72.3649649146271
-93.4034496149403	54.6598975374776
-37.6125269929179	46.6713929168647
-52.0649926207758	48.7432123082363
-50.7961717312007	47.7975305135458
35.8067330724543	-110.605978436853
34.4950362248448	-108.942976861566
40.13581042272	-112.375163263433
16.2419513862196	-91.4629590036248
18.6545441121241	-94.0919068883898
16.5553247488919	-92.5849092204943
-139.228150083167	71.7341232564185
-137.103105408913	69.8034536944584
-134.653228533461	66.9228445291478
-89.54317507699	26.0142375875958
-36.9263603353295	45.4468828181219
-36.7795530695798	44.4537307700615
-52.4031912966104	47.6272506379906
-50.8528133458936	49.8108960537312
41.3471373568533	-108.371647739207
34.7674306847864	-112.269660653523
-110.410859831706	71.0880356228199
-118.235941640563	73.9232004965546
-103.551456642528	57.6692314904768
-102.5211022821	49.4470418241541
-102.507761749985	50.6172367650745
-118.201864283267	71.1471171388055
36.5811122762815	-115.152998013382
41.0427227802693	-119.083685112372
46.8629546072585	-117.139758616623
48.5417108983599	-113.385079469987
41.7323450092383	-113.573587613519
43.234164317617	-110.324285679855
33.4037048899033	-109.731525154195
23.026573674516	-92.5006394517059
-149.642511615555	85.8736461121352
-159.190583757837	90.2228575855794
-162.406762889811	93.2785553476398
-166.407448191677	96.1716384874491
-161.175367767669	92.8987658138203
-158.914398912454	87.5719852890357
-162.114275949633	94.7901261803608
-160.588653094084	91.1442203004324
-110.540149955935	71.1156542476219
-121.114922473611	75.2843152876233
-113.17060804779	68.5118703340253
-107.376812124624	63.6243934079313
-102.031437124168	51.9592028344527
-97.118723920174	41.8078347812947
-119.51698810598	71.9074708014377
-119.139332908795	71.2879920240688
-92.8978296861567	52.5296500645702
-37.2866089267625	45.2971286276118
-53.6328364873987	48.6379138909285
-53.2189760003555	47.2866261753407
37.5793476133234	-108.974641527559
36.9656042122594	-109.932665547747
40.0698063837951	-114.011971668366
-149.234932169181	81.4271587448097
-161.191932458454	90.0648802006902
-158.27570073516	89.5157673238515
-165.167986922885	96.2584691425801
-162.876569518921	95.8910312557686
48.0921195655826	-119.235588156677
48.6239216737314	-118.965868368039
48.6216494933025	-119.585737566951
-92.3816435044576	54.0863892929339
-35.5057330657255	47.7027832591448
-36.2677547664689	46.9630726281723
-51.6837148187175	48.3088388334483
35.461064524876	-107.534423092126
40.3433539652438	-114.052448095251
37.8073040439325	-114.528850146985
39.4531684203524	-112.033562377399
40.7254474961655	-116.604595175215
48.1363096920426	-115.314553004956
47.1076415972616	-116.777526003633
40.3862990642885	-113.561175772696
41.5081293964423	-111.289035055924
31.1474481309371	-110.077872212826
32.8670241495588	-101.668333974798
-149.622347345335	83.1378369848477
-160.824167619978	89.0054602743074
-158.882816486753	90.2172471188732
-163.159507588696	93.7497977559548
-161.396120974936	93.1094479234001
39.9967273652654	-113.25143835572
41.0831572228862	-113.207559821144
30.6430338075764	-109.28830278021
39.0058130692918	-114.478632797123
40.2810862204551	-114.990542945036
48.5576635931151	-118.362970357452
48.5979660449598	-117.995899618656
38.6224038415278	-109.438272236393
42.327655203693	-113.039643454468
33.9249756899065	-109.093094428405
33.1400811633381	-100.947528663946
31.11121758707	-99.4684602952251
17.1953985078985	-94.0811367833088
16.5552222158546	-93.361840709909
17.1190316151304	-94.3244499593314
-144.582423310875	77.9131875822925
-140.188084850173	72.2216073083476
-118.449482821751	70.3781341238008
-119.135795956653	67.4659045525513
-147.918774993672	81.7095239140009
-157.222133475463	85.6981970466648
-156.201120301996	88.0458926617416
-164.832278058962	94.5127384688859
-164.150444046735	93.3141788605817
-110.741943106229	65.6010827432019
-111.531861135072	64.1909076859515
-41.1022691552987	-19.1069274447844
200.007678952405	139.224093762905
197.483722838663	137.642281902196
206.400687338963	147.46574381256
90.6387901467849	-47.7074675367769
83.0915642591203	-58.9089489813533
62.7447005221879	-89.5839608401461
66.5715637168368	-74.4572615302031
69.7982214699436	-72.7586380365905
42.0607482258019	-113.789209587825
42.1633492161638	-115.480440446758
48.5439405612479	-117.288900533667
48.7613735930562	-118.56102818991
41.6551150948042	-111.522434469675
42.1227610825279	-112.053103440355
31.6875408938318	-107.312473652167
19.5397730715323	-85.7833327312007
-128.281686881041	75.085707631874
-157.908082071902	88.3018853449913
-158.103245702408	87.8280255184094
-165.495606819197	95.2276672157192
-165.421925409194	95.1492286153708
17.2503699050327	-91.7579842876156
19.3752818354791	-92.4628724387552
-152.411769105093	83.8341683975942
35.6555685849296	-110.669663893881
46.7736270786246	-115.355632434336
46.765844342556	-117.764784196651
50.3972364871262	-117.10121795793
40.6165895044043	-112.276186885508
39.3528172199413	-109.458211514045
31.1396852155047	-107.866068871448
30.9630545666729	-98.4972809446146
23.6187380422905	-92.5566476867386
16.9980069748271	-88.4824146544005
15.7545567892022	-89.5828157481606
-140.013256889565	73.8631182224747
-141.434335624333	72.6980958992198
-139.844369425356	75.2408324471972
-135.008189408886	73.3443350900213
-121.977387320141	53.52221712791
-148.364152795772	82.7771707177383
-161.623905593474	89.2519935491515
-161.910516497703	88.5557532337815
-166.076346191664	96.1975748584404
-164.983038872595	94.8374886799259
-132.20420228445	68.4129217526186
-126.630471516005	59.1644025840548
-135.866523701864	70.2678631805263
195.129388357664	136.291755189864
207.777385688988	153.987298619763
83.4610301387999	-58.1602469018354
163.412683553366	82.3721227567062
81.8836095248159	-62.8347858003899
61.4554588071641	-95.919959317312
60.48117450498	-91.5539108207634
198.364706181464	135.991938814778
203.093542935864	145.750960474567
105.78961892495	-13.2356724371189
80.2921934861244	-58.1260161311539
62.1661845488223	-78.8876384252076
170.307280161933	99.620894638131
58.2945720249467	-95.5119104947264
-109.882538388879	68.8579722906316
-119.936423924288	70.9613433754765
-112.238746477017	70.4362742902219
-102.544093478845	51.3371212585755
-95.3097277644804	40.5416008941345
-117.532762636003	70.1379748437122
-119.470957925792	74.1737669540907
-161.793821976403	92.3053601763838
24.9807686002476	-93.0398876559206
11.977877289314	-90.2185566314768
15.9795564060781	-88.2014244447039
-133.877068060509	65.9251102950661
-140.980900319657	73.4256688171117
-126.264646903462	62.8496386744441
-132.132940493653	62.055711505812
-89.1499063499054	27.5336181294566
32.5297178656406	-99.0637639244404
21.4661102297899	-97.3876580370482
17.1590185887857	-89.6477660644547
-138.219031421071	69.9224027789716
-128.041698838697	57.3071043247498
-135.545759647685	65.5361685691612
-110.514598964446	57.5319948733788
-147.623682970492	83.3864843389352
-146.292827992628	82.9297721399154
-159.421197277026	89.2206226915631
-156.317674816515	86.779097305308
-165.223152267447	95.3536596035611
-163.409379941208	93.772645713316
-160.109497237963	86.5623164180736
-161.36351589852	90.2224053520645
-166.239205840042	96.1029776894078
-159.784867282776	88.67036572835
-160.702885769367	88.3682960006045
-88.2107277408885	52.32044625384
-36.9223672293339	45.8120430024059
36.2735996599379	-109.951295724913
37.6579085119433	-111.922835018185
41.1974841645377	-115.258448876373
30.8929400354535	-97.1741147412327
16.6567649965775	-94.3303732956943
17.4970282251587	-92.2279630144643
-144.326468023238	78.1664952020472
-146.201129830341	78.7379068179989
-141.470188762595	75.4827962557928
-107.732563632957	48.581657538953
-113.091114742435	66.8238819804638
-159.728824561261	87.8560448053709
-161.995547145739	89.850012356905
-161.093779018585	91.2268852457079
-165.399625133265	97.4258805470868
-160.96714122098	88.5787540105669
-147.279314996271	85.0177487210505
-163.937548063774	95.666167193898
-163.639076193205	91.6071247135206
-3.46562719252298	-53.2052040265835
10.0486855495519	-57.9748927849046
39.4608512678787	-114.856476551873
39.6056744556937	-114.577026272964
48.8964016593492	-117.310994177135
46.7888918118551	-116.780968544032
38.1615823346209	-113.05918223284
33.010786652802	-109.453997972763
34.8028978453202	-110.899066396789
30.1565205030356	-98.89062336755
17.2301837759677	-91.6982712542083
12.5204583352723	-88.0294738281364
-144.029738515226	79.2945710553828
-146.794003451198	81.1241587499351
-132.901094514015	63.386470193909
-133.249203914753	66.193339794447
-146.788035886785	80.7155038367348
27.1656836561809	-101.863767383978
17.1151433493258	-93.4076980891264
17.9906318681514	-93.5140299997108
-149.669301775362	79.7275817345983
-133.545578989365	70.9992644357194
-129.691588169059	68.2298649405699
-87.7260892410646	27.2061974877433
-150.481707738021	84.4446365861871
32.6035706717428	-101.93144665302
13.2755203373899	-90.428548140401
14.4222674983343	-87.3626524100341
-136.998305516561	69.1081057195482
-138.102185047022	72.3956973080792
-142.638356841743	73.8410928104149
-121.992936959747	54.6371162898937
32.6437749865486	-103.008843963453
20.617411529964	-96.8761883566041
22.3142667452191	-98.690600310624
-148.584215857795	81.4199201495221
-146.495669632417	82.7713774615419
-76.7401293859858	24.3308196378035
-133.021578449601	68.1545079871136
-150.673652438742	83.001693485278
13.258047351476	-90.8948702171601
-148.602924579857	82.0929775911572
-142.715415459787	78.1828900568582
-105.731314064035	51.9864687017614
-137.002860488812	71.0346166493868
-149.034778097431	82.8852108155619
25.4944488835569	-89.9648946165402
19.6620361868805	-92.6499944093972
39.897632601378	-113.290701528238
-119.562672716515	75.1745491185946
35.1688756790704	-105.631436591028
-97.6149808297757	58.9019556241355
41.2331203612777	-113.301634372233
-115.661988777195	73.8565289462273
-103.233213315797	50.3386081499854
36.468181065628	-110.771753241373
41.9345346836929	-116.711594744174
-119.189891869545	72.1347649076631
-51.3843304772532	49.809117605943
-107.186798473037	61.7455282609978
34.3736201594026	-109.004767439924
-112.723532441432	70.3206675455579
-50.7717719965716	49.5521476228024
-111.766392895811	67.0970303001454
42.609132413092	-114.5565454954
-35.1733922436705	45.1654973634979
-66.203807080185	8.32943758828222
47.9827494942089	-115.772276972325
41.0564294744638	-117.535599650946
47.8777609568748	-118.75740525872
-115.568659917792	67.3163158309972
