31.3137167218117	16.3508062851499
27.603123993732	13.0911983903631
30.067595502631	14.6591409630369
28.9676415380372	14.9721874376468
28.5403884936564	14.7393074373679
29.4736226191797	13.0332833215356
25.3867454850848	10.7624216882742
26.2250567371892	12.8546126410603
32.1251405274023	13.4823938604461
29.3065059892728	17.1034397055375
29.2087110181998	15.5328285811817
31.9682488492115	14.9596284572829
29.3763336797967	14.0432717246619
26.7948587865005	12.2759696173358
25.8998761827755	14.2672229893398
27.5655301423376	15.5180123611541
27.9517046638311	12.3482632642612
27.5683202474837	14.4449892708397
30.0424526627798	14.3651107516215
27.1935643247753	13.8421229911414
4.40008190702004	-9.3780575940869
8.27727477238066	-8.25584334787816
5.7578721558654	-8.61039630848159
7.12844498481857	-12.2602119329096
7.49749629193182	-10.1864777557647
6.32892487332567	-7.91118819568901
3.88272744809339	-10.8657145351089
2.35221521890669	-14.3276155190012
3.08892927705626	-12.8443492451433
3.44122937744938	-13.2350412113398
4.21111695564499	-11.1883380346718
5.16284167449032	-9.07093685393823
4.07889107983968	-10.6331379123262
4.33024793916571	-10.5935134497834
2.45382506386375	-11.4305774871784
2.43253104824706	-9.45788939965059
-0.103688385219275	-11.1000086699277
-0.309302262423857	-9.83898732914289
-1.16829203279242	-8.11135921600439
-7.23743283537148	3.98485097762939
26.1534052866957	12.3083245922249
24.4698562421194	10.63836187463
8.09055115252902	-6.74226208028554
14.0378438078656	-0.647566748782901
5.36506817822531	-10.2838725056954
7.52611637437526	-11.8811498493948
4.73156744359716	-8.32070580631587
5.58653877700178	-8.3477721579391
2.67699251661973	-14.1503411719019
2.43970516842646	-13.5289150997294
4.26342303467726	-14.1725726191873
2.04747669227605	-14.1015680105244
6.50379455050054	-10.2166074264518
4.93030069288378	-10.6593062460376
8.73119203388038	-10.6956365076427
4.12987662715663	-10.4842304987499
3.49354958593956	-11.2650918893616
4.03912376872174	-3.50612319086926
0.936096371980422	-10.4961527225841
4.05252092036485	-5.92240630182332
-0.764969377100075	-9.47863978026314
-7.26884218640359	-2.27741093766824
30.6291544408304	17.3709271946987
31.4493159456665	15.3379975734439
31.985661044036	15.8074192556834
32.3852377430742	16.8964615736056
27.7191452638248	13.1233362422959
27.3198511923484	12.7587934056878
28.5416773945149	16.4874361846977
26.2846000508564	13.8266377530062
27.6695502286112	14.1281475050719
29.7823484689225	16.226264674894
7.47448127988971	-7.5889470932973
10.7834747109503	-3.66251703719886
6.52937810244621	-10.142969098969
5.28154487441462	-12.3254135205383
3.13209081395642	-11.5097978513167
3.05525827974383	-12.845711534384
5.82092866383983	-13.741024216363
1.36660382188272	-9.77506309363431
3.29922433279238	-13.2985072235318
5.01444693781361	-13.5615462819292
4.72736620744322	-9.94424388815816
4.80384587951321	-10.4069461830583
31.5624558705799	16.1371602386997
30.5598594607272	15.5659981540442
32.3562388025478	14.6790230460812
29.9653184486004	16.3415835958122
24.9253593184562	12.6744054426952
25.4121013741439	12.5237849411088
29.3599002308644	14.1488370393153
29.6176209843977	13.1950994460322
25.7327559432125	11.4742709704928
29.7903582168603	15.0644702777281
10.2160108939209	-4.23192845753589
9.70680785653692	-5.42722438841806
7.09560421221156	-6.5472143707246
5.5902545409166	-11.883016124149
7.95228944549781	-10.3075082966491
5.85844802209072	-8.42573793158207
5.79339436287137	-12.0246954788859
3.44260381894778	-13.9400936719675
4.42234787515082	-14.7180030812289
3.23918244486363	-12.0519224822207
1.05622706695322	-10.4129213266095
3.3617266531303	-10.0021468331743
30.8017123111789	14.2879597095616
31.0067961213232	14.6120677274476
30.2358878033809	14.9628962109412
30.5508122075591	16.5025758528468
26.3272695898775	12.961817790684
28.2803606451084	11.6130767023588
28.5128695474529	14.3888595888202
27.7181000490829	15.5821595285643
26.5279283575225	14.2434898543776
27.284679591495	12.4099625287383
30.9510939609685	14.5933425951515
8.80357570321028	-9.32628657353917
12.8631379459445	-7.58889806785434
8.05336131892322	-8.08279974907749
6.74914764848712	-5.98167904559904
16.4892384580054	0.664665304283104
3.75733796465141	-11.611281713087
8.74379606123252	-10.2061389120796
4.13452396538319	-14.9431430165235
3.14465796087162	-11.9342253970012
5.08106299107772	-13.0417701804942
2.05535220493432	-12.802484961704
6.20189714456489	-10.1177099436884
4.79978937150663	-13.9878812995827
30.3181501425485	12.2014880289203
29.7172986884994	13.7861812212197
29.5367138108852	15.9112428669611
31.7615366145628	16.2657995751674
26.4995810396796	14.4141450894713
25.2143108629624	12.8541482618523
28.4529713151472	15.129145856816
27.2853273958268	12.1325178146631
29.9644689520507	13.8313528513977
23.7979295584937	8.24746700586611
26.4215248886933	14.7243953963023
9.24371721035018	-9.15170028465091
8.03352893219743	-7.02496795644026
9.44663250668268	-6.39155323475756
5.52434615684893	-10.2355322046594
2.89831212776184	-8.54069823251582
5.92787151036426	-9.81984308371005
7.27013051108883	-9.50640362263844
3.12918008464963	-10.9077661127453
3.42409226851784	-11.3043105784561
4.91322112354264	-12.5521683261804
2.25583440593648	-13.4314064910962
3.59828866365546	-12.2297302692792
6.01381791617146	-14.6662426932933
26.6780259756197	14.118888300842
30.6847217516518	14.339719510167
30.4424787123795	16.8344188555849
30.7479219836589	13.6954847667502
29.8497283817689	13.6993220650705
26.0065239144545	12.4381171931446
25.6362274098448	12.9026203092516
28.0523455704172	14.7864934930174
26.8710641377187	13.6431644272708
25.5177736479895	12.4365505608736
28.236762444822	14.7839302439205
10.5034813237064	-2.92933616918323
10.1121254928714	-6.04347751971689
11.0571113583419	-7.95528967396841
7.32471772629759	-6.99606588053544
7.11957641517164	-8.35784261800892
9.11577197116313	-7.95124652342639
7.57933942379348	-11.24266056055
4.32836795523905	-12.5616726076514
2.33139454396105	-14.4845944561064
1.47821386638053	-10.8663865717901
4.04438553318459	-9.98985795008397
4.04004060493382	-13.0288457197012
3.37046333787971	-10.0795732035217
32.2902494180004	16.2200321829312
29.6768396888097	17.5232341324564
29.0182876580288	13.3839405718579
31.7433923237512	15.8818672233874
26.9218077021311	12.4470357017265
26.3193097665789	14.4769133753638
28.6793317853853	12.753709528073
26.870355786409	14.0988781620436
27.84618299514	12.0193895816693
28.6220253572363	12.8869028479657
12.0628659923436	-4.19239029203174
23.7256373284393	5.85996301860549
4.16101068696625	-12.0845782876093
6.67684991448376	-13.2189823747306
7.19995834045402	-9.4365652846693
3.71375892772935	-11.6863720628801
4.44560079049388	-10.2350360574592
3.31880402724334	-13.1939347623432
6.17025348247642	-11.5147953872564
3.20431722907737	-13.4335118037619
2.50511785804387	-10.1743581341172
4.79307308761257	-12.1434979798086
30.9356081006462	14.4996351380955
30.0206282709251	16.9941917868714
31.953375341196	15.3124802428376
31.6495829579433	16.1176195144609
27.1420931828713	14.3192583023507
27.3471428153785	11.8474788967666
28.2516123777636	13.0581181689454
28.2472849624805	15.1150711698453
5.1248313331262	-13.2309984229285
1.31392999152858	-13.0086410981249
1.96316607838915	-14.3292678808155
3.20057173663443	-13.9843091361779
2.34226506155734	-12.6717553046232
8.29489477841985	-7.80527835608293
5.26219897615417	-11.7190897526374
6.2538715038765	-12.9411078414194
5.65413504381776	-11.4476877059101
0.546663446227227	-8.84094180471244
-1.02712464938142	-5.4823390110616
4.18499279912699	-9.04884261006799
-0.135014902810918	-9.14696096565225
-1.02669030824083	-9.28218624287677
30.182512424525	16.35893041271
29.2366695921265	17.4595363292296
30.2315730388904	14.0501615915938
29.6179844069315	16.0116709729992
27.8280980963829	14.7112880423469
28.5153652875725	14.5784911212586
26.723173838922	13.5807999759802
26.330438524838	13.556449969176
7.43810484852237	-13.787111903179
5.35214890108112	-13.3064349121848
5.0491967239481	-12.5587405247672
4.49708638909321	-11.4676501028353
3.37619893452444	-13.8211028942422
3.42493011566299	-11.915871282717
4.42825763030862	-10.7224356577739
3.03004211917111	-11.9067978664563
5.14172430328395	-12.7310723796835
7.45485656454105	-6.63904279424426
-1.69097590690338	-8.90782229489713
12.3123231836719	0.794290343723413
-0.610500097298998	-11.5111498970108
3.95312243922498	-12.0509594805304
-3.11735396192166	-3.88679921772915
-4.55167617305001	-6.21844021564665
31.580687961352	15.5114115366487
2.12596455382281	-12.8137020819456
31.4945663892334	14.5184865785807
26.4646836619741	11.7899811479749
27.0687766217259	14.439311394112
26.8342976489283	13.5384255538111
3.62265073156333	-11.045903849758
8.16773858420113	-11.2513240854409
3.11889939923184	-11.8707515626548
2.67676394488012	-11.8738502499181
1.67781251639509	-12.5370827533821
5.05539365438957	-11.5944162133208
7.31743310928267	-9.6809390659785
0.775025835271571	-10.3444934853964
3.00668442891722	-9.33188337848411
7.98103142408646	-9.21781908980413
-0.369493792571865	-10.7219413496176
0.80696185870515	-9.56513262432208
-1.78629276275531	-7.01670265443532
1.15172267263374	-10.7777952152618
-1.45828684044947	-4.84215361864657
6.0615462265536	-10.4387260255133
30.642034605687	16.1461829708349
29.2139126058148	15.3969036256592
24.9387712968338	12.7226722250364
27.8247847210585	11.4118842040207
30.7034108935872	16.5605097114309
29.8965205871244	14.0568170038352
13.6667178890563	-6.72704159055453
10.7613476708679	-3.22313874072486
5.5871717964776	-14.7300447626487
5.70153155444366	-11.156980603574
3.57412592208753	-9.67189908061743
2.51272917362095	-11.4104382913886
2.22383953733725	-12.0817890819658
3.26694816052758	-12.754787880509
6.51074766765421	-12.9016040791039
7.11462799668966	-7.78779203454436
12.8241802914958	-3.35710890384486
-0.100374775523201	-10.4054487711592
-1.4810329691101	-8.21943606943319
2.87867517920957	-9.29177506612069
0.0142998805033194	-9.67286990140793
-7.51310045775367	2.17982307771579
4.60972360059354	-13.1151234849649
4.26538475110148	-11.1853815672979
7.2702446495856	-7.7155560459011
1.44403175601762	-10.9651669975611
0.464870771243853	-12.746999326123
2.88234441216941	-10.2230639058509
1.4541717714689	-9.58531827457493
-4.11403450465417	-5.69211661589607
-4.89229177997197	-2.01761722582954
2.66280421764237	-9.95672682720082
1.51408482678064	-11.1732295960519
1.24442134003747	-9.28439075383655
0.166428432071124	-6.49370016101644
-1.11556381699318	-9.68170738722885
0.874688703889794	-9.26870117180271
0.105937446131342	-9.02279276705302
2.03305523924822	-10.3212591810131
-0.607332179949355	-8.67744147144725
-4.46855402738644	-3.37336369697435
-1.31002463768755	-8.34683414873977
-10.958613603516	10.4132500345571
-11.5326471098712	10.4908304224549
-10.5479797564748	10.0131350220754
-10.3980127159836	9.43222580540092
6.34175531675467	-10.3348593693791
2.80558564510412	-12.4108297439107
3.23789889370612	-11.1795153219709
2.05929093203376	-13.5218411852658
-0.529375075025039	-11.4377954441084
1.93284317377254	-10.926323581314
-0.687733922490455	-8.32792755148585
-3.98833821947019	-0.883370870381275
-5.27596025982746	-1.65323385888823
4.71585388744438	-10.2140153074911
3.39167795578633	-9.17170680667388
-0.722028135547465	-9.96705782527911
-3.32854152712886	-7.48812995656741
-1.60806203387183	-8.82018790626119
0.1542158304668	-9.17497352080927
-0.511287722653851	-8.69412987436328
0.938558058791732	-11.6375500116227
-0.557397549115893	-8.27191270047531
-1.46940697844534	-8.07256679698951
-1.85744910158639	-6.40557371447539
-12.3559082700627	11.8486146741933
-12.093209555231	10.1130184153854
-12.3133284495413	12.5523073697152
-14.9691802853322	12.5862445580614
7.78312090725237	-7.88009210769019
5.05928776989208	-11.4933689266357
3.95614050801853	-10.8088779388961
5.51215244353733	-6.7009867292414
-2.33420609713464	-9.17590971336383
-0.228556909878505	-10.1010800371117
-1.20463697644891	-6.77149412091056
-6.30080331284075	1.23801605150881
-6.93700086005185	-1.67028251889048
3.22562843375423	-9.67539187504242
2.50867770722002	-7.21490528846421
0.00253113120031223	-9.7613682535629
-0.105276864594661	-10.6550215783308
-1.92104490175936	-7.95414141103421
-1.21720955023167	-7.0979358389119
0.966743807722709	-11.3974725124413
1.18242509548601	-8.61746491347415
-0.184419872078262	-9.07133518748248
-3.10302716510348	-9.18334302060341
-2.8401537079994	-6.48635045585078
-12.4960307992007	9.97287416891687
-10.3759841996517	7.30408993132069
-11.7188440847985	10.5649991161756
-12.9196646397469	10.6979255585415
3.93057370925757	-11.8418340252141
3.77129784578556	-12.3882153268645
2.33655791393286	-8.78358622141599
-0.598158924839236	-5.37442248230618
-2.45231013672943	-8.04429899750242
-3.16398523094087	-4.00070302077536
5.92544909143565	-8.39758800414425
-7.97289556920936	1.24641138317294
1.62042476234969	-9.88524221236534
11.193822870272	-0.880061873158997
-0.38648271006438	-8.78620824302165
0.483223654702541	-8.60746401102877
0.537415637486518	-6.1180510917378
-0.273841940983557	-8.72836075294858
-0.544560469330211	-7.70376662785134
-1.02551421175488	-8.47254542100188
0.100522253199684	-9.35730493738788
0.0231077029436397	-8.68495603818056
-2.8442406474258	-2.69740858245969
-13.0955066386693	11.5344906677175
-11.1788908395059	9.27944494853301
-11.523822912409	12.2639175015651
-10.7793382883772	9.32390595548271
27.1193150443901	15.0583267129622
-12.1539830247446	11.1240307803989
-10.7121231704234	10.3615433616069
-13.5734734421212	10.6032447949498
-12.4675439089835	8.1467008806682
-11.8620152033498	12.3372211015042
-12.1054174881928	8.77748170331061
-12.5083176098207	10.1744430770488
-7.25953570823628	0.5551068384593
-10.5877152956464	8.93542420794405
-10.8893901620401	10.7094364678414
-13.7560275273415	8.00973405895719
-12.2188499729779	9.35985734409142
-12.3861816109307	10.4267625258357
-9.23560038038852	8.53965429519588
-4.57668536460325	-2.05499827133982
-4.79964263008806	-2.97294265140988
-12.0642923822754	11.1647620411256
-12.0626656617722	9.630123538249
-10.3181821243305	7.65446142192242
-10.7305904073698	10.3796550941677
-11.8992891896543	9.55155163070868
-11.9093455516693	10.1278704401866
-12.7576290178524	9.53384443034098
-3.80886754775689	-3.28670676577372
4.09326072276053	-10.9278847900657
3.31640996835727	-11.6987244224495
-0.606582178303118	-6.11435394996043
0.509143073541544	-7.82434177878139
1.7320022239475	-6.95404742469234
2.33864978896425	-8.59768912450009
0.337616262256236	-6.90651350177156
-4.4145152631881	0.961797537010671
-9.7286832918135	4.50158578539235
3.04186127596768	-5.95322309167845
-0.34708989646829	-9.96733382713798
6.5333375502292	-4.0960398030831
-1.21280431189455	-7.01209553636643
-4.05098442270651	-5.76142177019468
-0.950081186308917	-8.72505750248846
1.0530295703227	-11.9740671295394
0.984030315224311	-8.72052212481304
-1.09869563225002	-9.82861688446411
-1.41306891901514	-6.04255312564564
-1.37531273950226	-5.99863198245143
-10.3836096728528	10.1417066452551
-12.242145992308	11.7811644301957
-13.9746440174785	12.5903488160147
-12.5249621057357	10.8039307300922
-4.65709993662265	-6.46158324539911
-1.39513277769208	-6.22840134590259
-0.21772882696061	-8.49313091463558
4.45371483680436	-10.4741287462128
-0.624034617610319	-6.11882381833645
1.59703233710661	-9.07925959340171
-0.93214996021638	-7.26388490306683
-1.43278275771851	-11.6956413268655
-0.326372089684823	-8.38956380134004
1.11884996159638	-8.60301606443425
-4.04211695853802	-3.07724360946771
-2.22292310835957	-8.69935166872593
-11.9070481014258	10.5568566914501
-12.2538505582195	11.0637559792659
-12.6465801132114	8.9558940196913
-10.8027767418652	11.5041892853491
-12.0535110620835	11.5689080383723
-8.90922387017044	9.0897858181468
-11.7328869595755	8.73318147218542
-11.4567911128892	10.0632775730248
-9.09006410499447	6.32121026701504
-3.90212185296729	2.81280762870671
-5.04861841850292	-0.32162264983866
2.16368414612525	-7.37699442919487
3.1697435621697	-11.9088063629536
1.09261219538726	-10.39847345049
0.557639000549594	-4.93947139042134
0.258934707469738	-9.10630363438899
0.322831490656871	-11.2804581462764
-0.799441987111113	-7.83821181933572
-1.16920135060442	-11.218343593038
0.282579875532466	-8.76576971635775
0.106306673352672	-9.41944190042891
-11.9998638809918	11.1016304994646
-11.7090818220707	10.3076441636832
-12.1591436984665	11.0966786519592
-11.3765366252259	9.57000106703632
-10.2472303837134	7.87481428230471
-12.2278309587439	10.9962829633995
-12.4591271613233	10.2532386318297
-11.4184220786387	10.0493318239826
-12.3080156088694	10.875662927307
-10.1435743892862	6.31939651343203
-12.2294922223467	9.33679853957347
-7.2621811410365	5.22716426779092
-4.36991532493385	-1.22270303476814
4.91431177403494	-5.71842724127462
2.22778169201905	-12.352310589786
-2.04388159057273	-8.56532135217794
-0.545102162259216	-7.97572558345111
-1.9771220978624	-6.54792759415607
0.430253498615185	-9.21022653312307
2.25961959637522	-7.95591087173436
0.303179775042331	-12.1304629773923
1.31098231261604	-7.84285730816338
-2.51111334541734	-7.08299725809184
0.267579839692427	-8.73159459232739
-11.2778041973882	8.24657981248307
-12.3380404977206	11.5254064345796
-10.5420417475305	11.4892941741248
-11.5419001724701	10.909740973116
-12.8536429725682	12.2421762385449
-11.9040219952366	8.46285922013357
-13.6865514270356	10.7553604119631
-11.8509828141634	9.29476535186158
-11.1907513878297	9.8149464536931
-11.7588341685124	10.3216608175267
-11.9049717176175	8.63605438652894
-3.43079381131208	-2.2003789776456
-7.86779600905491	2.08494386754086
2.32615347751137	-6.18645998003598
2.51284803987991	-6.63318156719891
-0.499176859750965	-8.88402600737413
-1.76173714228502	-6.28841716043165
0.608983851940025	-9.80417374324267
-1.34595503660975	-9.84572616825165
2.05921283918095	-9.95246743744409
1.0421092168616	-10.2785665917188
-0.453460569658173	-11.7028328180057
1.78648028104127	-9.0996496031474
-1.03364814879207	-5.71138730616756
-15.1852162916443	9.27064005560731
-13.8146713613811	8.44972032298402
-12.2985076847387	13.0641466981811
-9.28129988327244	7.39703777291942
-12.1806791522905	11.1443439602851
-11.164143343441	9.53426069746327
-10.7800535986696	10.0824063692307
-12.4027766070739	7.37579153062503
-12.858606197662	7.70064970745871
-12.3378303148109	9.75553876831418
-11.0799882897753	9.21925722964995
1.35962157510844	-9.60888213595606
-7.92574582923879	2.67924849829329
6.35553652672845	-6.29554460085357
3.87867901296376	-8.16255427255567
17.2481481834905	-1.3836588714244
-1.60471213645488	-8.54467738079751
1.2321433104092	-10.2754548121461
-0.617669988174764	-7.10129415083523
0.935838404889256	-8.89558843621356
-0.567058694032236	-7.19847841439502
-3.17030377363087	-5.64040348242791
-11.1844135251508	11.1774288452159
-11.6111297007887	11.5689043609713
-10.9678301550819	11.4360163337021
-12.0966937254391	10.9707382461782
-0.948812274126839	-8.92668819519112
-10.4485087146205	10.141067001013
-11.1600482228567	9.99511970510481
-14.4749291808617	10.1677117594581
-13.3285464360569	12.4137026588669
-13.1190967351147	7.26473575859359
-13.0043177837916	14.4553095992623
-4.87118520964378	-2.94659306788711
-8.51320804097171	8.86135076268222
-5.26097579430878	-0.244357176685321
-0.185862477428244	-9.10973023244905
2.99073062787969	-7.75027252543564
1.23754643110129	-6.3270145557574
2.0005614838508	-10.1957771770145
-0.241446122886861	-7.60964373747251
-1.81120534286274	-5.83692717899728
-1.90877723324354	-8.45721475291685
4.50357575342735	-9.17353361587087
-0.3368552282005	-9.08950907913961
1.2383505038162	-10.7916901236336
0.764806825843171	-11.1159625923345
-13.0724593763784	12.5440874052222
-13.1415677896271	10.2715230281278
-11.6732306081615	12.3547305670085
-10.6217043666842	10.8255290440845
-12.7920115331998	9.572521539323
-12.6976586972373	10.6349882979474
-14.3675594754306	12.7218599685666
-7.23895050311304	-4.25436390546888
-12.6814679161824	12.3218890599524
-0.85702278379406	-7.95834340848658
-2.73680726514524	-4.18932478874493
-0.728450019405028	-8.01499410639321
-0.900155815108651	-7.21109342357392
-10.0383684975446	9.85236411161148
-12.0291354973882	10.3494852146438
-12.1040370316634	10.8784288692436
-12.1377605004238	12.4173554869465
-12.0346425115857	9.24219966925549
-12.0583087387464	10.1630350179072
-10.1892888936543	5.41389248778327
-10.9254597512978	9.52278805338743
-12.9474984399685	10.9639481257041
-13.4347491034272	10.7417489420186
-10.2485485794931	11.5851182224255
-12.3429608881269	9.15861116976801
-12.3286321467768	11.6077992266965
-13.087221479025	11.5196432057387
-12.3714225582446	10.5289096581748
-10.1265219514847	6.53416053749857
-12.1279341196841	10.2595081807011
-4.79304408562447	0.607306736161678
-9.13836410863426	10.1646520600626
-10.4982455145481	9.16631917284842
-10.7109623213146	11.5995048459104
-9.73705572208324	10.950047186083
-12.4271605555567	9.93684954313625
-13.0547719149482	7.5348953720439
-10.7015232142818	7.03417993798049
-12.7270452255831	10.5822065976768
-13.8061353423021	11.0063998055179
-10.7252476240863	8.55678669145712
-7.61628256248112	8.36042381765468
-3.06700741464854	6.28683098915845
-4.55186531606059	4.95973465571523
-3.81795753728124	9.07268659964024
-3.85771042545504	4.75939619980651
1.48291473905029	-12.3273470725529
0.821690820591727	-14.9853277234827
1.73198232807043	-14.352199129485
1.37357788342074	-11.8851826674489
3.87357683629995	-17.683459310723
1.45327763826266	-15.7191329392329
1.25869353138093	-16.2911919761871
4.2631248296456	-13.0264287669775
0.310735219176387	-13.8676437473621
1.00144899058452	-14.6265425927867
-10.4456379317546	10.1999173779513
-9.05642622409052	12.2566519323009
-10.380586850459	8.65562740488068
-10.5267448933904	8.92215912273482
-12.0043459184087	11.9253965418229
-12.6169942148926	9.08457573072577
-11.9760739329768	7.98967069201307
-10.9603389163016	8.63115001435917
-17.6008744336878	11.6468055454515
-9.31833072138167	9.59600858988832
-4.42066603632984	7.82886298650771
-3.34733403351189	7.64217075128766
-5.1492611995716	6.58178044333669
1.01758767725865	-13.5464509815773
0.294621599320927	-14.5120000300649
-12.4349188040638	8.66566080780967
1.95219148269817	-13.1580062357231
0.852363780067233	-15.14690360353
3.91407285601381	-16.5510157719254
-0.00368323800167669	-13.5830845998805
1.81435897758924	-16.9535601392755
2.13701346966659	-13.5719231164807
1.44980861570368	-14.3579948037842
1.47043078530952	-15.4223183018081
-10.3274160806209	9.21879890634952
-11.0435833396639	10.3384497547438
-11.1666550898394	10.629431836536
-9.74078333171688	9.76182535611736
-12.0262118556835	8.66423052312
-13.6294390098921	10.8665352740417
-14.2301178864922	12.2607166620535
-13.4984160723956	7.73292049712718
-13.5305908336129	12.0703688599767
-8.27262288100436	11.7664955739946
-4.81894533863643	7.3751005563946
-3.07539909334705	7.094081047394
-7.52119525435658	4.44253630610564
1.80596883744532	-15.0946313042623
2.73484489406818	-14.2323397663686
0.637373798424988	-15.1787414170187
5.19690359362781	-16.4056119096846
1.97872133502012	-12.8954430112618
1.4879401369038	-14.8979859716372
4.66290086140347	-15.0384747481294
2.52124714238936	-12.3065273715273
0.396081867715777	-13.5792653521757
0.368120712552271	-12.5976329888298
0.43137278471024	-11.4788247883769
-11.4287984197398	10.1330962079171
-10.1213916068219	8.41543580388231
-9.65464474385345	9.72246350681441
-12.7694839204833	10.1040648562799
-6.63009770155326	-3.0863449777956
-12.3109341757293	7.74549417116993
-13.1622446558316	10.7611520897394
-11.8370044836121	9.61813844409511
-12.7307019231925	10.9671062058229
-7.99490250042336	7.03777287324584
-3.63424262397979	8.16039139403607
-3.1931604707345	7.41254096025913
-2.64678863488568	5.16771834558022
1.47340761068863	-12.1415810733057
3.2084102410171	-14.6556644104909
2.12871352941795	-14.8788543025123
-1.74185835040833	-10.1914466820585
1.32732036666303	-7.98342185289638
-12.8524534613834	12.0532100023804
-10.48629613249	11.4751345272632
-11.5352795040075	11.2938942877666
6.90207213475786	-10.9218332625118
-10.8284701376407	10.3368471851761
-10.5119087338582	11.2922483549037
-10.6939502304666	9.20778839478216
-7.96702946439478	8.34888473180476
-12.9402174859525	8.23338433482648
-11.3783691133155	3.3725613124296
-11.3863281344413	10.6704738332402
-13.0280883028712	11.0243066482123
-13.7078741017364	10.9027991355921
-8.46198040621877	9.81181987185897
-2.42746035148118	6.01540159216678
-5.6981243530203	5.48385899206784
-3.92941156125546	3.74335488809708
3.10022824921596	-14.7054923028455
4.30509492471518	-13.573235311639
2.91614062675032	-14.5453015349471
-11.7356695616691	10.6064414212777
-11.6123151952633	9.32450803311768
-10.3579337446811	3.91298506591886
-11.9253103547054	8.75460400137284
-7.0867550527227	-0.35704747348335
-13.3814482521179	10.0635221270485
-10.9085018882088	10.0398904812204
-14.7187003595662	10.7487835488386
-11.2716986268723	9.73750868991405
-9.45159550504245	9.92859028738203
-10.5078452133901	7.03702433183681
-10.204207685687	5.77385969600864
-9.44644259534944	7.91610857857186
-11.3124859481926	10.8398121206461
-10.9978483230597	8.07992496222519
-7.6025721334198	9.31032010416759
-3.52593553110797	4.43320242929175
-1.83680632525634	4.24098090033902
-4.64079196876865	6.86374293162075
-0.312349995670131	-8.85399700708139
1.98574619925674	-14.4735935430099
1.11530414654445	-13.9377820960731
0.720986620161572	-15.0792252479726
4.85829646348647	-15.1209135574202
2.01841266213537	-14.3797290620012
2.05056932518715	-11.8437945948695
1.86234192276979	-13.6565304326999
-0.43927668197615	-12.671554889854
1.30813042364681	-10.1475859594545
-2.29543911939332	-9.88323095997486
-11.3308975750195	9.02792662061341
-12.184615534041	10.1376340426887
-12.3964534430643	9.68897380846402
-9.24065479550833	5.92780986572586
-10.5852839340791	8.11019400779194
-10.9625716597714	9.04269577554019
-11.7343646565407	8.36741468103467
-11.779854718165	13.0273460065062
-12.4966127933586	12.4790093455045
-8.48670448075272	8.1009484610155
-2.57840624926713	8.87299240851832
-4.64071364921707	4.01548829728834
-4.16772094561873	4.74905956937151
2.89685930039926	-12.6900474928706
1.52450285558867	-11.5235899326897
1.98199851103485	-14.9776621340048
-2.24714330950015	-5.44532944605788
0.697954491107526	-13.8866135740852
0.712781706858267	-13.8488171455209
-15.4168721594751	10.2335291684891
-16.5957909184447	12.897805786004
-16.7249799504066	11.00595988987
-14.6729199870884	10.5523054283167
-3.90489215835434	9.5817651665891
-3.14581267506434	5.07001049974037
-2.88649229922326	5.34887604052059
-5.01449057081968	8.52079634047233
0.161356561563579	-13.6825789877432
1.62875008286949	-15.5506780773905
-11.291436068475	8.90682301169314
-12.5573643144362	9.79720555773554
-9.46062351174622	5.86832958490758
-11.5449875483069	6.73639409419698
-13.3197601805882	11.1025595338811
-12.1634844323915	7.03791450818894
0.727062229516164	-9.66573908402462
3.32285566617867	-13.2485794388309
2.68267180581893	-13.6708008545384
0.451656427868357	-13.4613346943937
4.47120716820763	-14.5941024344172
3.2973322635893	-13.2171420042902
1.46165013984972	-13.9333809264786
-1.84540302764193	-9.98161544127668
-17.3380609468268	11.9865288733928
-17.4545026084921	9.48655705455405
-17.1071508921316	9.63126781946686
-19.1536300907701	11.8481130586925
-17.7731560614557	10.3229614463636
-16.4850946547045	11.4405034948277
-18.5287945563853	11.3981966193517
-16.8899048620693	9.89486354883431
-11.4187206645344	9.40834017860026
-12.6082780402077	11.5324585577379
-11.9592364059577	11.8600190284847
-11.6261287648372	9.90497997760805
-12.2187859544035	7.57347766783579
-10.5754940663097	6.83125328746595
-11.7105201581387	9.74794215555847
-14.4518569905549	12.0050593728497
-9.38267031462888	10.7133526758924
-3.76772944290082	6.77357680829837
-5.87198736658844	4.80516109673816
-4.84445466681355	7.39973428577615
0.978111636196866	-12.7119666276566
1.88163934509636	-12.0808168499954
2.99636969061669	-14.0358842213831
-16.7361181072289	10.8534019591213
-16.4742950822448	9.88990141258839
-16.8062877665326	9.571251586918
-17.72777482449	13.9586059112783
-18.4655637689842	14.6276008390613
1.77763966889898	-13.6054119713841
1.48958405122016	-13.0719404166297
5.67695132696676	-15.0582271578538
-8.89844466825934	7.29449042948172
-5.83340906847271	6.61423117422642
-4.23013321764155	8.26951599339915
-5.64053607060969	6.28503821958818
0.389060173262467	-14.2581725983762
2.16447477979252	-13.981040033933
1.52838380467007	-14.6750733859379
3.61980491600429	-14.4739350592769
0.520389816727947	-12.488674082693
3.0304736283908	-12.4226524355735
2.30797342142756	-12.0378226805981
1.8083202428743	-12.295155553034
1.49716109943404	-12.9604763700837
3.04663669413078	-13.0107890032172
1.30327511412039	-12.7259995297959
-16.8354705240073	11.0912173519308
-15.7539306891343	11.1718883645049
-15.5221378589131	11.9968434239996
-16.5791484327219	11.9586926173228
-17.8297825497956	11.8731559070772
1.47144976075161	-14.3427932743442
1.65514145196973	-14.7870859007255
-3.14698879343852	-13.1204413041664
4.95259775197767	-15.8708144036075
3.12847751614584	-14.0571121601275
3.87496495750794	-16.0916168444946
2.69116666386211	-14.5477033024623
0.472066638974925	-11.9531287316346
3.32377050193365	-13.3949457113045
0.0905448050745532	-13.3449090263864
1.45874589600762	-10.8279941221967
0.284142847221063	-11.174836002286
-0.920889680966771	-12.2375154305725
-0.500254795392018	-8.51552323066355
-2.57341669931811	-12.1639093352461
-17.6027138303576	11.655019692494
-15.131376135631	11.863548917466
-10.962568994759	4.42176178085574
-13.6756287307026	9.04086195368931
-15.8944671329635	6.44548223043935
-16.6957797562384	11.6816864355073
-16.5330988298768	11.8215145685868
-17.1864021237095	11.1231765825637
-17.0836332668641	10.1538838385511
-11.2026674845316	8.73753869583731
-12.4889061518846	12.4997070559103
-4.71767420059373	-2.10278185334873
27.5544326566307	11.8523066904091
28.1419790155787	13.3066737075092
29.6874095912495	13.5955297938348
12.4790552671299	-4.75038188565909
10.4282706697254	-5.83391102686536
6.59802541942331	-9.8640482547722
7.21143808644829	-9.85006722071875
7.14534951682792	-7.41431508268025
4.15608144447559	-13.2096830333821
2.91931275918269	-13.1226268015636
2.76781743155857	-15.7305942934247
2.85228310319107	-14.211537958011
1.47510226638071	-14.3938317015312
2.70593178556068	-15.0706982324408
1.40051715342997	-13.1709850033718
-1.75790490439639	-6.93333230835323
-16.5461853785705	9.24597258238522
-17.2910542622364	12.9765946806276
-15.9797205875153	11.8336406369764
-16.5662729073581	11.5132368799158
-16.5175924801308	11.4076196184095
-2.0026868701355	-10.366101494114
0.713682121517487	-11.5361026063381
-16.7248579833474	13.0958130947811
2.32886495406888	-14.4248486891511
5.71597868000749	-17.4775335413967
2.09821556801545	-16.5422232438453
1.46481197684782	-13.7249947660397
2.20223351708066	-14.7368578653269
1.62889782969826	-12.0972792696948
2.81366711248377	-13.9700888693821
0.693478625138117	-10.815363300118
0.736391299114058	-11.7494541497621
-1.74599663323337	-10.2864115686074
-1.59270717580142	-10.8265291688551
-16.7014568818054	12.6818274627654
-14.3013183497967	10.2484830764878
-16.4096419701322	13.079583079295
-17.3745802817061	12.7468841230969
-15.5153586002324	8.70704601246967
-16.8000631864452	12.0628285181047
-16.415410416032	10.908216809613
-16.8761196925051	9.63110189655211
-16.4209762455766	11.5151502295051
-17.1036057977761	9.48921181729535
-17.6727460297173	12.1614614283506
-17.4281978101623	12.7913433928532
-16.2285705625672	13.360189621579
27.6581185740708	11.0181710318641
27.075105574996	15.3521291180575
12.810406197952	-3.02260692868028
26.2984125430793	11.3956395557244
11.8572232407577	-6.65608164966773
7.66476506267369	-9.84612824367447
5.43826539784242	-12.4591817610474
27.6689169021864	11.3100709724124
27.2411507258848	11.6763378308375
16.9839312923103	3.22577239160891
8.85044240920212	-6.79332060583123
6.00430641057007	-11.8853757551903
26.4318447090587	12.2801543642419
5.20625170364055	-11.6083410483243
-10.7604915613101	9.02687652624112
-12.3777970558318	10.60780984137
-10.4903125517362	11.239679420587
-12.5749759323273	6.41278320603055
-8.52116068507631	-0.310373497883316
-12.0836657506028	11.6713036389446
-13.1510937819473	13.3717321181818
-18.2006957583933	12.858874247588
-0.289728007782504	-13.8491131700625
-1.34585285810134	-10.5897739352261
0.364766381660155	-12.4947931215604
-18.9600962461827	14.7227878298472
-18.671896254853	14.605662968962
-15.3504400503139	7.3749772241837
-16.3964223987568	12.3894396488612
-12.0735092344855	5.7556956070537
-1.1905394118187	-12.1767324466571
0.2406099767154	-11.6257481445662
-1.27491890675876	-12.1703154174617
-18.5462703805246	14.4898156625393
-16.2340282978584	10.1667888798085
-16.9739800722585	10.4725699784311
-11.674284419594	8.39152396033504
-16.6515545714984	8.72502793774952
-15.8545225259175	10.9894689425713
-15.7729113953429	11.6379964199516
-17.6186187176908	10.1927952597262
-16.4194699862784	11.6415269352483
-15.6156521378373	11.6419810960593
-15.1727700009097	8.76221224721383
-16.2995325361481	10.610537326098
-18.044263740338	13.894264727724
-16.1364709093293	10.5266590320117
-17.0856406614445	9.64398634234496
-8.37320262031912	8.60327982828464
-4.74488997705672	8.98624420098853
0.491697123043053	-11.9157167176221
3.28870120183033	-14.7868956327176
2.81180218418938	-16.5890798258403
2.31090286390266	-9.56459469399178
-2.70400382884486	-11.1494728631822
3.11058487652345	-13.7841279138001
-19.2522278332068	11.7560152157689
-17.4182932050862	12.8769057894878
-15.9274222512278	10.8858870829622
-16.897190260853	12.184296812413
-12.4479235304844	5.56133667155545
-17.6415462088657	10.6924222563409
-16.3066394113968	9.58191870979214
-15.1897293038064	10.4701401173995
-18.2469198521081	14.8156543710869
-17.1150895442234	10.5079779036656
-16.106288522599	10.6931791165013
-17.9282981010041	12.6477348025052
-19.1256453180034	12.3107842419307
-3.63924928032389	-5.84276402069455
0.115616976683657	-6.06128823133692
1.92099983916687	-15.6614072250824
3.68024164909008	-12.5993272198486
3.35745744747443	-14.9307240746513
2.03448520251199	-17.7804934261831
3.19105567555738	-14.8733072249911
1.22463889195151	-14.5707434352402
0.599924501837713	-12.6383562201499
1.15208901033446	-11.4287115911376
1.59940772681608	-13.9500159896286
-0.636056838843188	-9.99473049726733
-16.9759797545148	13.440067573573
-16.8945284279923	14.8827566003048
-15.1786456553184	10.6847264335499
-17.4599034958452	11.3026107495917
-16.4679937410504	11.7680076324531
2.6022805964581	-15.4538973940448
-1.26731256434601	-12.7506912790599
-1.88151928240087	-8.3703868418945
-17.4043843552991	11.5828829857634
-15.0284835926266	11.3360395648918
-13.9634156547334	7.4565215055607
-16.0959183202728	9.85575662392312
-18.0379332750227	12.456029481013
0.0500470234890962	-9.90434211096711
-1.86011161040338	-14.1297463586545
0.556611382013388	-10.2924952348319
-17.9978176356732	14.1244285456042
-14.5649508764706	9.97359948566055
-16.270996239709	11.7939496274874
-16.261690708981	11.6337880348042
2.84537064485323	-14.7250497767554
2.34271170874911	-13.3019990798808
0.117421954997826	-10.4791271479503
-17.7717846440324	12.3053882145575
-16.7166393658789	15.421795013656
-7.07147768150221	-2.60552661960757
-16.3475943133773	8.72326510923065
-17.8900874229384	10.5202518457043
-3.27680962876093	-10.5594163165556
-18.2684715808819	11.6972341483711
-17.3361605900384	11.3651254767853
-16.4757019511389	13.2249381990541
-18.0860331162021	12.3117004561487
-17.2891374768725	10.2531005840954
1.40159684216545	-6.494486133547
-1.91756075652366	-10.238251394245
0.647785147888945	-13.8470648435659
-9.72308779499192	10.3873459168495
-0.191351594262008	-14.5891550402484
-9.92852674127336	9.02969402779292
4.63555693122811	-15.7520804563937
-12.3659454117802	11.3619127025111
-13.9243718102771	7.67145188914191
2.00142258851168	-14.2266656198416
2.58679871518349	-15.0941401348165
-14.0727844610525	11.3227068455888
-3.82392425179058	4.17753128066526
-9.91616622355284	11.6008724695722
-1.57227413719452	-13.7533998539458
-11.2366307203997	9.45229466992404
-4.42819420649519	5.47161748885768
-10.6002911415969	7.01454814514755
1.71978839663088	-14.7365140434043
-2.76106736250134	9.89489947490321
-8.4086862137947	1.86955880738911
2.77607094980776	-15.3985580926679
3.22036391520242	-16.5469355771554
3.83105439229622	-16.5908648589002
-11.6037709506966	11.1893389604205
